3638
3064
2526
2951
3562
2835
3306
3284
3553
3185
2808
2150
2490
3075
3032
3008
2661
2579
2629
2268
3055
2452
3120
2969
3085
3099
2834
2632
2778
2885
3202
2969
2760
2483
3407
2127
2914
2640
3874
2902
3362
3409
3823
3076
2971
2783
2948
3796
2853
2920
3347
2613
2421
2898
3044
2987
2958
3135
3278
2572
2495
2213
2354
3298
2257
2865
2543
2607
2151
1794
2353
1991
2846
3338
2906
2724
2378
2300
2300
2641
2801
2820
2587
2364
3050
2368
2615
2268
3263
2900
2975
2891
3601
2579
2381
2866
2494
3298
2730
2291
3534
2944
2550
2662
3340
2899
3023
2980
3389
3030
2957
2451
2394
3142
2865
2839
3090
2820
2181
2198
3053
2087
3053
2909
3076
2903
2709
2545
2600
2274
2700
2866
2756
2140
3344
2503
2781
2554
3821
2774
3038
3261
3775
2648
2340
2706
2511
3516
2450
2593
3284
2884
2298
2759
2947
2840
2946
3042
3319
2721
2778
2545
2589
2782
2630
2874
2420
2751
2181
2033
3048
1859
2782
2743
3029
2861
2346
2101
2386
2824
3055
2485
2679
2338
3066
2617
2662
2509
3594
2869
2925
2913
3539
2378
2572
2461
2617
3516
2410
2381
3714
2993
2944
2921
3203
3217
3358
3210
3888
2850
3055
2560
2786
3247
3088
3272
2823
2984
2719
2369
3235
2434
3579
3227
3410
3017
2903
2401
3010
3251
3311
3108
3113
2921
3581
2851
3110
2452
3902
3075
3295
3184
3634
3136
2740
2702
2676
3866
2996
2684
3182
2797
2288
2776
2850
2736
2547
2873
2959
2754
2672
2463
2633
2797
2771
2717
2151
2402
2590
2076
2765
1984
2973
2891
2783
2950
2595
1867
2409
2883
2690
2507
2745
2542
2948
2420
2917
2439
3697
2886
2790
2765
3474
2676
2640
2435
2680
3467
2571
2226
3494
2749
2805
2774
3352
3475
3533
3184
3657
2795
3363
2479
2552
3411
2974
3319
2744
3024
2560
2132
2970
2566
3465
3239
3758
3120
3062
2333
3158
3259
3452
2980
3090
2694
3608
3084
3354
2432
4060
3090
3297
3060
3664
3354
2714
2978
2637
3797
3055
2750
3249
2936
2711
2680
3085
2995
2912
3042
3131
2731
2895
2287
2862
3242
2515
3119
2718
2983
2278
2142
3087
2178
3094
3073
3083
3000
2634
2150
2800
2930
3111
2755
2727
2384
3328
2554
2820
2765
3249
3175
2806
2931
3586
2799
2654
2635
2489
3285
2736
2476
2303
1823
1888
2042
2228
2130
2327
2250
2693
1663
1979
1436
1592
2003
1939
1866
1883
1893
1591
1532
2179
1370
2114
2147
2647
2231
1915
1680
2140
1897
2315
1755
1316
1780
2089
1723
1834
1651
2626
2113
2266
2100
2553
1949
2049
1634
1996
2741
1888
1983
3047
2852
2321
2756
2738
2555
2803
2562
3393
3028
2790
2339
2605
2755
2635
2567
2514
2440
2670
2322
3099
1962
2933
2708
2920
2894
2798
2304
2400
2601
2780
2567
2860
2425
2893
2520
2711
2424
3786
2834
2660
3052
3460
2675
2703
2567
2665
3561
2576
2166
3315
3206
2332
2904
3078
2639
2341
2865
3235
2758
2611
2391
2563
2905
2512
2681
2515
2367
2361
2247
2877
2160
2788
2874
2737
2992
2560
2105
2414
2761
2713
2643
2624
2481
3144
2345
2697
2356
3331
2829
2588
3060
3587
2537
2712
2628
2668
3408
2526
2336
3628
2884
3002
2490
3450
3244
3207
3014
3420
2716
3215
2516
2448
3491
3152
3188
2622
2884
2493
2390
2957
2632
3643
2878
3114
3169
3127
2547
2603
2830
2945
3054
3025
2688
3263
2837
3061
2566
3657
3098
3278
2847
3621
3046
2759
2839
2353
3613
2760
2715
3716
3140
2871
3179
3244
3005
3038
3313
3590
2920
2837
2415
2650
3442
3132
3289
3133
2861
2559
2257
3337
2467
3101
3381
3457
3112
2666
2701
3033
2797
3026
3028
3026
2484
3729
2647
2979
2700
3955
3188
3257
3296
3792
3220
2716
2675
2921
3792
2703
2880
3256
3101
2724
2723
2916
3004
2621
2648
3240
2690
2721
2163
2497
3163
2797
2768
2341
2400
2529
2221
3030
2341
2899
2621
2934
3109
2745
2332
2460
2300
2411
2755
2500
2332
3275
2437
2496
2444
3398
3055
2653
3155
3671
2570
2644
2582
2760
3321
2186
2591
3994
3150
2779
3374
3639
3326
3018
3452
4112
2901
3110
2840
2670
3499
3242
3844
3101
2901
2637
2635
3458
2746
3528
3471
3652
3176
2830
2654
2896
2837
2846
2828
3002
3134
3576
2938
2889
2750
3955
3433
3013
3330
4137
2939
3027
3075
2747
4330
2727
2965
3281
3074
2734
2589
3108
2935
3074
3118
3722
2830
2770
2239
2238
3112
2702
3079
2718
2801
2349
2222
3221
2391
3058
2930
2976
2448
2743
2401
2530
2906
2561
3073
2967
2510
3258
2566
2675
2463
3335
3016
3071
2888
3733
2532
2652
2765
2578
3292
2822
2367
3274
2668
2645
2794
3163
2837
2803
3049
3257
2767
2707
2160
2521
2810
2423
2515
2613
2509
2262
1996
2921
2143
2872
3193
3107
2638
2565
2014
2763
2807
2871
2690
2625
2440
3013
2366
2791
2160
3256
2678
2966
2874
3391
2451
2416
2360
2778
3489
2780
2311
4043
3539
2966
3257
3614
3401
3539
3540
4169
3497
3321
2653
3031
3303
3539
3378
3086
3291
2866
2678
3679
2628
3533
3242
3771
3227
2979
2494
3079
3286
3446
3430
3331
2845
3907
2931
3216
2771
4259
3380
3525
3727
4185
3146
3162
2801
3615
4437
2877
3217
2821
2550
1954
2095
2946
2661
2650
2341
2871
2711
2663
2064
2043
2734
2182
2324
2564
2420
2070
1779
2374
1731
2684
2444
2808
2315
2517
1916
2238
2227
2518
2494
2325
2135
2728
2324
2346
2379
3226
2569
2521
2530
3421
2175
2539
2528
2437
3127
2375
2247
3128
3087
2368
2835
2887
3387
2954
2941
3457
2815
2799
2203
2454
2924
2623
2891
2426
2501
2697
2000
2881
2212
2823
3107
3235
2348
2615
2042
2574
2678
2621
2566
2672
2525
3441
2566
2415
2375
3594
2850
2666
2986
3704
2613
2705
2918
2689
3572
2802
2319
4571
3955
3251
3646
4121
3816
3441
3845
4268
3784
3729
3249
3289
4012
3777
3995
3487
3534
3199
2828
3849
3093
4067
3831
4059
3650
3515
2701
3567
3751
3706
3646
3863
3300
4434
3463
3904
3279
4790
3673
3735
3909
4598
3624
3380
3383
3575
4676
3214
3342
3099
2711
2290
2253
2748
2604
2553
2469
2952
2540
2686
2252
2265
2639
2613
2629
2391
2526
2071
2109
2569
1922
2854
2577
2495
2572
2547
1998
2025
2385
2320
2691
2547
2218
2846
2307
2557
2105
3359
2616
2717
2705
3199
2488
2153
2469
2039
2985
2330
1900
3062
2562
2127
2340
2886
2605
2419
2762
2996
2340
2521
2005
2097
2786
2553
2877
2131
2360
1999
1981
2437
2151
2737
2418
2769
2725
2354
2043
2289
2532
2548
2437
2201
2198
2941
2092
2650
2263
3375
2489
2876
2643
3044
2444
2408
2288
2224
3132
1967
2242
3313
2773
2504
2701
3106
2619
2787
2873
3288
2700
2659
2563
2560
3015
2587
2818
2725
2306
2574
2100
3073
2209
3027
2929
2778
2919
2673
2669
2626
2653
2752
2653
2966
2611
3168
2325
2685
2491
3670
2858
3090
2963
3469
2643
2529
2511
2091
3401
2772
2227
3677
3060
2711
2722
3627
3086
2888
3163
3433
2865
3142
2472
2712
3155
2822
3140
2556
2632
2564
2385
3216
2869
3164
2984
3198
3216
3004
2135
2911
3094
3061
2959
2896
2736
3612
2601
3132
2257
3833
3161
3196
3170
3666
2993
2788
2913
2616
3803
2903
2548
3152
2814
2817
2723
2974
2906
3067
2677
3874
2765
3191
2127
2339
2977
2853
2889
2710
2451
2539
2205
3121
2444
3004
2827
3433
2916
2874
2297
2790
2772
2773
2947
2959
2649
3249
2921
2814
1812
3602
2978
2706
3040
3491
2949
2559
2628
2859
3811
2836
2781
3181
2670
2629
2462
2985
2849
2674
2719
3447
2433
2884
2217
2318
2992
2614
2845
2722
2567
2228
2170
2887
2170
2848
2747
3121
2669
2596
2437
2641
2242
2391
2745
2787
2441
3151
2547
2569
2241
3431
2789
2831
2727
3407
2675
2316
2409
2344
3413
2622
2485
2924
2609
2369
2556
2926
2913
2656
2524
3309
2663
2935
2372
2320
2775
2338
2658
2714
2367
2166
1859
2764
1832
2756
2928
3243
2636
2436
2010
2399
2384
2558
2430
2429
2580
2923
2790
2655
2233
3547
2571
2623
2610
3436
2429
2346
2618
2406
3353
2565
2204
2986
2514
2220
2136
3022
3100
2916
2475
2833
2627
2912
2265
2204
2901
2103
2942
2372
2586
2240
1690
2521
2311
2916
2708
2860
2292
2765
1804
2625
2890
2730
2593
2820
2488
3275
2674
2780
2372
3281
2727
2666
2479
3420
2659
2268
3012
1870
2871
2853
1970
3822
3134
2776
2956
3607
3299
3473
3094
3737
3402
3392
2764
2914
3279
3005
3231
2978
3270
2623
2666
3600
2288
3434
3231
3559
3263
2949
2350
2906
2940
3168
3155
3221
2734
3442
3025
3094
2859
4218
3456
3063
3268
4234
3082
3163
3167
3099
4065
2986
2733
2628
2100
1745
2258
2326
2176
1657
2104
2795
1662
2359
1832
1853
2108
1893
2617
1629
2151
1622
1771
2090
1487
2057
2081
2753
2493
1966
1483
2283
1973
2384
1730
1760
2068
2258
2082
2106
1827
2955
2085
1891
2045
2381
2338
2081
1879
1905
2952
1746
2054
2845
2370
1816
2293
2715
2282
2694
2544
3203
2297
2462
2111
2155
2231
2546
2498
2411
2143
2094
1913
2698
1660
2594
2347
2938
2461
2209
2048
2506
2508
2715
2137
2196
2377
2707
2100
2396
2136
3510
2440
2724
2615
3129
2261
2552
1932
2359
3359
2366
2294
3203
2351
2663
2356
2997
2657
2772
2793
3207
2559
2825
2018
2120
2950
2645
2843
2579
2753
1993
2186
2809
2218
3012
2660
2966
2685
2437
1912
2351
2286
2675
2585
2533
2194
2906
2624
2746
2040
3245
2576
2575
2399
3043
2962
2201
2581
2275
3494
2442
2567
3578
2759
2284
2844
3133
2910
3090
3079
3447
2967
2522
2540
2307
3228
3036
3007
2977
2796
2505
2004
2722
2168
3252
2983
3041
2822
2680
2337
2274
2491
2607
3040
2639
2542
3308
2475
2680
2597
3849
3326
3249
3268
4073
2612
2510
2745
2780
3740
2358
2698
3858
2757
2847
3121
3406
3285
2889
3292
3870
3162
3050
2633
2468
3653
2953
3393
3135
3560
2714
2553
2976
2605
3755
3278
3746
2993
3196
2302
3108
2850
3003
3295
3313
2855
3520
3099
3407
2995
3999
3272
3212
3011
3920
3393
2663
2932
3005
4187
2644
2951
3169
2516
2401
2572
3067
2673
3205
2874
2918
2926
2682
2167
2695
2724
2764
2663
2606
2579
2312
2151
2955
2097
3066
2934
2804
2921
2453
2266
2569
2652
2890
2698
2727
2125
3115
2020
2805
2349
3524
2736
2950
3186
3384
2843
2398
2449
2340
3227
2630
2254
3265
2757
2227
2907
3081
3055
3053
2918
3008
2969
3102
2333
2567
2990
2703
3074
2373
2383
2439
1910
2508
1954
2964
3263
2976
2845
2610
2237
2482
3042
2909
2430
2880
2555
3057
2575
2983
2518
3832
2744
2846
2805
3620
2824
2653
2900
2499
3563
2870
2262
3343
2939
2610
2814
2892
2675
2740
2834
3096
2858
2719
1811
2508
2671
2840
2906
2547
2654
2280
2173
2923
2092
2799
2844
2958
2678
2582
2317
2774
2768
2870
2658
2529
2315
3203
2129
2760
2696
3402
2583
3036
2916
3289
2903
2473
2183
2719
3327
2416
2495
3404
2777
2608
2758
2967
2684
2710
2701
3451
2902
2781
2649
2291
3152
2736
3048
2706
2741
2477
2239
3087
2420
3232
2658
2860
2935
2871
2108
2227
2632
2641
2788
3008
2718
3101
3051
2922
2461
3479
3141
2651
2774
3697
2849
2374
2933
2437
3559
2493
2506
3258
2246
2531
2469
2691
2238
2451
2661
2915
2260
2435
2131
2225
2730
2860
2861
2288
2539
1955
1969
2644
1945
2810
2564
2683
2773
2328
2019
2116
2217
2494
2525
2443
2277
2494
2332
2593
2162
3166
2802
2849
2410
2960
2614
2108
1923
2457
3286
2094
2483
