2029
6420
8027
8471
1275
6063
3589
8291
1837
9851
1592
5792
1295
7504
7138
4048
3449
7026
3024
3830
7765
8707
5634
5882
3179
3254
6103
9056
637
8208
762
273
4613
6179
8290
868
6996
4451
1805
2037
6802
3278
8413
2751
6427
8442
6018
3124
3451
2153
4501
6544
1089
8908
4118
4176
4572
5732
5562
4356
4867
8965
52
6629
6497
2816
9242
3414
22
5892
6820
774
6282
4399
3262
5101
2646
8599
5923
2092
3186
9975
50
9220
6830
9847
411
3634
2031
4108
7204
9382
5353
2795
9450
8046
5584
824
2791
866
3100
3869
337
4701
2952
2375
5954
5436
565
2131
3163
1060
1374
1406
7053
3831
7901
5393
3538
7714
9731
3430
8170
8141
9261
1590
5078
2079
4174
750
8672
5664
8493
9305
7227
7410
7666
4747
1560
3457
3167
5702
5425
5398
2494
4690
1979
6373
1287
947
2551
7814
4841
739
5278
7942
8049
518
5309
9967
9730
4692
2085
9494
8385
9571
4049
9287
2612
6478
2568
5767
5879
6480
6807
9508
7064
4606
81
3366
8080
744
9480
8939
9721
4262
5522
1475
2202
6059
787
843
2818
399
3988
4649
1449
1846
6479
8348
3418
990
5963
9778
5449
3864
4307
8372
6088
5390
5673
2707
7134
976
1220
6987
9742
3058
5783
2398
8289
8425
3349
858
5443
6031
6245
5058
2387
6600
3969
8683
280
2050
1541
8567
6743
8725
7318
3696
3444
370
3489
2526
1239
4452
8122
5179
4199
948
863
1028
1323
9359
4633
4773
6828
4537
1933
2077
7615
8515
2163
580
3244
7415
9246
1097
9766
3447
1655
4625
8545
6207
9640
4913
5925
8058
742
4939
6998
5080
2464
7009
7142
154
2860
7335
9003
3173
4468
3985
4180
2166
6461
285
9412
9138
7184
758
7571
3448
6483
8884
8505
4930
1268
9231
8474
668
2647
6775
9856
5019
5917
1075
8695
6510
985
8642
2325
6657
3599
8190
8529
7990
8173
1196
1647
4890
3984
1104
3711
4955
9797
5594
2546
124
147
9031
8917
3009
7625
4152
5259
5843
1677
3753
7754
9786
2019
7423
3465
2692
1199
8155
3077
8130
535
340
3126
295
7077
8450
1353
6213
2820
8326
6771
3500
589
7928
9268
7807
8062
1261
9527
23
4571
4371
7066
584
5044
271
7519
5605
3439
3001
7547
2671
8941
2038
6161
1177
8552
2332
7348
641
377
5459
9809
400
4320
8491
434
9462
5663
8596
35
6411
908
409
4010
1715
788
7090
2219
3051
9465
2129
5329
8553
6249
842
3792
1338
9560
9938
1538
9271
996
3853
2987
8782
5931
5182
3170
1419
2360
4877
9627
2550
2866
1105
2272
3234
8640
1591
9641
1614
2070
4503
3642
6494
5690
1448
1434
8629
7035
878
2759
9376
2503
8807
3061
4849
4316
8001
9811
8135
8787
6218
8038
6779
5481
5227
6614
7582
4358
3795
8760
8972
1981
7103
3271
6256
358
1500
1801
4386
8402
8550
6198
7599
2347
1155
8367
6798
2881
1963
9984
2529
4785
5636
1185
1611
6636
5315
7830
142
6857
9143
2582
96
8559
3928
7221
7691
7355
6667
7352
3801
5376
5523
5498
6160
3902
1549
5396
5131
2883
6396
4796
7835
8342
5142
9470
3992
6137
9544
2887
9087
9053
1852
9758
8085
2027
5269
4553
3337
5720
5095
9912
2244
757
9598
8211
940
3986
5083
430
936
7374
8502
6569
9164
7417
5418
5118
5685
5920
6543
7732
4678
8988
5068
9158
6227
2309
2200
4863
7309
7846
2497
3808
6984
34
2
4767
2205
1598
8139
5258
6405
1010
323
1683
6890
7967
6522
5307
3555
1608
7558
3424
6469
5804
1760
4322
2577
9826
6414
3063
9817
1708
2531
7651
5779
7715
1523
5364
2597
1019
4619
4486
7551
3614
5691
1431
9498
2285
2869
7820
1962
7543
4005
4369
438
6250
1997
9769
3638
2843
5470
4076
7210
2541
2618
5236
1535
872
9884
2035
2116
1822
4743
3215
3689
2029
3742
1890
8094
2839
4919
6780
597
2644
2089
6931
2277
4641
3515
980
432
1154
1879
5268
7443
1246
5199
6803
2365
4957
9563
7240
4569
8451
2379
7165
5149
2351
7416
6671
7844
2665
2177
2124
4114
6134
3117
3797
2213
9033
7339
4858
4119
7688
945
873
7564
3990
3099
5672
8492
9911
4181
2682
9796
1345
7152
9780
6735
7364
4373
8899
7179
150
7773
9981
5744
6692
164
4963
9524
1092
1823
2651
9186
6509
8708
3773
4319
1766
5467
1362
259
6133
8468
8464
852
9793
1080
2656
7614
2803
9715
1354
3095
7146
6011
3654
71
7136
6398
6605
146
9743
2009
9121
6805
3490
3181
8470
177
3975
779
3380
2210
8748
1733
3885
5065
7275
9355
9332
7289
1702
3410
117
2174
54
3413
7258
1632
8799
2473
8862
9128
1193
2527
8054
6532
5490
6408
5684
9436
8409
5638
5558
8257
1017
4035
4822
5714
8574
2451
1334
4145
8273
1100
6545
5391
670
8597
3544
4058
6612
6474
9307
4484
9710
7062
8701
5235
5695
1558
5046
1481
1754
3591
7805
6175
4559
3346
1048
1357
9250
7735
3054
2650
4259
734
3731
8184
9365
5926
4529
249
9488
1671
7357
5709
2898
7825
7427
9996
2428
3301
5668
5350
9331
888
7701
7840
7351
2424
7220
5722
8102
6265
8869
6499
4975
7755
4687
9573
9720
2006
7588
6015
2165
7922
893
5352
4933
1545
5218
7976
7650
5665
3385
890
782
2423
7954
4893
9994
4697
2784
573
6917
7669
5428
8029
5173
6754
6441
4448
2726
3706
3502
1940
7337
6084
9511
6552
6849
6459
5566
1146
2147
7239
9937
2416
2722
5957
8219
8386
6298
756
1567
5591
9825
2381
7743
3252
9763
2578
2723
7425
9500
2486
8042
4070
5967
2946
2781
5999
6034
4856
5067
2950
158
7660
999
4959
3220
7705
8306
3574
86
7141
1504
5052
5619
4739
6815
3357
4903
1507
1901
9669
6235
7018
2515
6929
5476
9350
1885
8216
673
7832
4334
8798
4921
9638
8669
5471
4189
1265
4159
3938
2389
4294
7758
5216
3768
2128
6329
2065
326
2496
6610
4014
5567
230
2412
5516
5420
5726
2923
17
3978
1704
327
6492
2087
6025
7769
3112
9733
5452
9593
103
7108
8821
9917
7260
3062
1690
4065
805
7682
7920
874
828
7178
4820
132
967
603
557
3339
9689
7549
3740
2062
5618
6685
8949
1991
7527
7110
3963
2740
8795
8497
73
8572
8197
6801
7514
9255
8351
203
3274
1350
4944
418
7225
91
7848
5369
684
7843
2049
9413
8096
1491
1312
1725
4502
8481
339
1415
1836
3735
277
478
5005
8815
7593
5048
5219
8991
686
2143
833
9377
7089
6937
2773
2013
6892
8121
468
9301
2601
2217
7159
6203
3977
1413
9708
4203
5822
2474
7070
1250
5468
7467
9775
8482
2711
3123
6202
3911
6434
4086
2069
4408
74
6221
6542
4140
2536
7537
5487
9670
353
8714
7109
133
6376
5805
8990
4744
5030
5394
1094
7273
4779
6210
3736
717
5737
4932
7228
4554
4460
9636
4990
7006
5909
6983
6893
4148
1106
2235
9552
682
163
2484
618
6142
2540
7595
3652
3743
4212
3040
9629
6915
2251
9963
14
5270
2326
3701
5117
2201
2323
5986
8091
1872
6631
8892
5132
1667
8161
3570
6295
3081
6969
2344
1285
3138
3917
55
3226
4012
5336
5370
5120
7081
3906
3542
3229
2754
823
8519
2110
6603
385
9017
4235
7727
2937
2780
4573
9129
8193
8443
6750
5570
7775
4942
2003
2747
2432
3916
5150
3811
3999
9548
4461
5085
6438
4040
8513
6027
5265
4637
3342
1673
7193
937
3218
8932
4111
1490
8384
4054
1977
7157
8636
8297
5169
9955
1893
3607
981
5707
4446
4565
1446
3560
5053
5577
897
7455
5277
9572
3603
5593
9089
8144
3176
131
6352
2258
4310
7051
4662
7611
2951
2969
175
2475
442
928
6415
4695
1817
9335
5153
3561
2331
1139
1217
2710
12
8343
7912
6837
1038
814
1996
8352
3636
3425
6072
6106
1347
2352
4850
3613
1205
1386
9829
4750
2896
796
4458
6457
9751
8353
4791
83
6116
6481
6178
7718
105
8621
9008
9088
3610
1499
6336
590
663
2198
8778
1680
5575
3738
2081
2538
1881
4034
8762
8898
1939
3615
6320
8005
2385
8868
9361
9460
4462
1039
2179
9659
2291
9568
8476
119
9792
8920
7662
7988
3825
8698
8561
1244
7598
728
5607
9713
3322
4488
5008
401
4592
1051
8998
1232
1566
263
2372
9046
1971
5718
4839
5002
8285
8034
1925
3749
9637
8359
3604
1319
5162
6800
1596
6319
5408
5614
6193
7770
5159
4935
9807
1734
40
6195
1081
6016
8349
7086
7207
9630
1557
6423
3237
4811
2101
3898
3249
4470
2260
7890
427
1790
3048
7656
1223
2040
7566
6682
2521
8814
3459
786
5160
5410
2856
2953
8538
7180
388
1589
2307
2267
6799
1773
1426
6819
2961
2463
4175
9585
3091
7189
5378
5870
6223
6444
5927
7155
7596
2886
3606
9241
7782
2141
8648
1882
2728
559
701
9151
4230
9838
5183
6698
1674
3187
8685
6649
2345
7451
7771
6113
2262
7434
2159
9998
3246
7151
2823
1866
5553
7458
2181
6065
3299
7212
8392
4305
4523
4483
5104
876
1082
2685
5790
8000
8305
1970
1553
9814
2805
234
7226
1976
7589
8758
8856
5715
8151
4730
5300
3807
7638
5807
1777
5874
2695
7049
586
4474
1454
7406
880
9501
5114
1812
2787
3113
4171
5652
5417
8174
7267
6768
1637
8764
6252
6443
4834
218
4187
7557
8238
3686
4463
7693
5282
499
3580
2056
4538
8438
3861
8244
7585
585
6097
4612
7254
2438
2016
7675
8659
1083
7465
9424
9443
3289
6668
7150
1783
5223
4979
6563
2459
349
8051
1095
6482
4914
9232
7980
7632
8684
8925
2074
6887
3183
1849
3624
3073
7668
7247
622
2720
2493
8404
9371
2988
4987
4563
9946
193
435
5439
9798
8339
7960
3021
7863
1027
6722
5897
2890
1914
9145
9584
1838
3539
3987
1026
7880
5873
5969
9487
245
3721
4954
1471
4338
1512
9136
9696
6040
4496
8311
2480
9227
6741
3399
6311
6619
5208
6678
5009
5861
8981
3518
3907
9214
9439
610
3793
2053
7911
6090
979
1360
6776
4786
1412
6954
3787
2871
8542
643
6964
9602
723
1833
2249
2478
5375
8313
7984
9886
2864
4611
1165
1325
8841
9405
4487
5530
1615
1782
6655
5135
4467
2444
3005
2046
2928
9433
8617
6110
5529
8664
9039
6081
8715
9530
7889
3415
497
9921
5047
8138
8605
3629
2196
503
244
2817
6288
3965
495
9618
9009
9936
3956
1848
6951
3846
2565
5184
389
6125
6918
8946
1999
414
8730
4614
802
4562
3871
9702
1749
2203
4246
6609
4626
2734
7900
9174
8333
7169
8731
3897
5955
5287
1798
4640
7281
1525
5255
4639
6985
6689
9161
1224
4551
7332
9438
924
7512
6588
9736
7345
6695
328
9007
5228
2280
9681
4064
2756
3227
5244
4788
1699
8910
6192
2842
6000
612
6660
7054
3368
3211
4227
2255
6278
3577
3937
8119
7038
5705
959
439
1815
9320
938
3206
9326
5400
1309
6404
2992
2225
2033
3438
1230
469
7403
3939
1952
2885
7998
4210
1930
8711
3612
7759
4710
7801
5864
6831
4815
2301
1770
3632
5321
8656
9171
5480
3597
8604
3819
7085
4713
5281
743
5630
7500
129
5295
5293
122
184
1069
5225
2511
4548
454
2616
5366
6197
7975
1036
9074
2691
9200
4188
9309
676
9052
5283
3622
9808
9456
197
5416
7302
390
9660
2395
3658
1656
6301
822
6343
7800
1644
4918
9256
2086
8075
5801
4768
6364
719
3755
3169
8209
8086
9410
2979
2674
24
4732
9896
7420
5264
3609
4682
2078
4271
8371
5996
486
6972
1063
1874
4208
1700
709
2639
2501
4478
5050
1218
877
6506
3521
283
7187
1645
9855
3282
4190
6349
3883
3318
9321
838
5489
3195
1440
3057
3154
473
8262
4042
6286
2643
1711
9738
716
407
3752
290
373
9840
3484
297
1120
7958
58
8575
9518
6843
1056
108
9939
6898
8739
7987
8226
8357
7394
1762
8882
695
8647
3497
2828
583
5586
6953
8330
9895
5622
3371
